562 311 189 771 350 777 299 884 417 505  53 395  73 658 487 682 296 803
198 729 416 340 225 711  53 741 367 559  36  88 447 965 695 271 697 691
563 438 837 194 549 485  38 347 716 136 893  35 668 734 468 292 675 817
542 287 602 775 481 484 515 127 155 747 125 981 463  74  30 181 350 668
648 778 478 772 866 940 232 108 847 646 492 496 433 693 612 512 145 355
233 369 831 317 404 549 989 412 504 870 183 848  84 899 646 200 427 561
569 988 367 597 526 834 787 681 651 297 954 418 834 199 402 557 623 898
255 689 188 640 653  86  38 909 217 750  98 162 453 166 491 464 469 164
83 916 664 577 369 300 831 116 525  94 447 629 984 964 947 873 118 141
520   9 492 654   0 580 485 871 936 139 455 986 476 345 462 652 732 314
465 404   4 530 256 301  98 852 628 289 640 229 364 729 671 411 248 530
728  33 779 234 886 743 319 264 259 876 605 799 739 115 391  15 704  67
264 246 492 379 608 216 718 323 174 366 283 326 157 190 371 166  44  71
320 962 861 468 688 614 395 404 248 559 593 305 623 100 322 717

