64 113 906 310 223 605 400 705 842 777 485 612 249 476 769  42 928 547
759 693 484  42  50 549 421 458 964 944 822  33 207 574 403 320 416 140
547 576 449 537 261 426 124 247 914 458 293 335 225 526 608 701  30 683
505 399 377 380 595 850 236 743 279 692 747 416 928 132 703 733 349 206
970 615 345 414 869 205 961 815 103 852 144 241 283 149  57  51 107 905
378 887  13 612 439 550 512 466  95 598 235 889 780 750 490 427 846 570
191 553 409 960   0 358 681 558   5 575 406 910 553 603 438  69  56 681
497 129 668 380 486 553 514 848 673 689 496 883 973 569 818 940 629 826
725 143 563 867 829 533  53 882 447 848 872 759 926 451 561 445 488 243
70 572 600 590 595 838 231 129  71 301 996 852 608 838 873 706 623 233
856 849 106 382 921 282  98 848 804 875 125 824 413 212 238 427 265 732
711 446 412 460 443 322 147 134 818  45 681 303 151 411 751 374 877 204
755 241 930 649 898 615 346 739 440 244  31 459 830  86  43 907 333 439
426 592 739 506 185 538 752  97 211 339  22 646 468 964 685 924
